3.761286694106358478e-15,2.227525491920566425e-02,4.462695737731076389e-16,0.000000000000000000e+00,9.777247455786607366e-01,5.968568096174038237e-14
7.390166964925096726e-01,4.775629012405190749e-02,5.956080127425747439e-02,4.828057284725427445e-02,1.053856392619266918e-01,0.000000000000000000e+00
4.859698847616630291e-01,1.873501354054951662e-16,0.000000000000000000e+00,0.000000000000000000e+00,5.140301152383368599e-01,1.110223024625156540e-16
9.077574437228808080e-01,9.224255627711930305e-02,0.000000000000000000e+00,0.000000000000000000e+00,1.569924745759010420e-16,0.000000000000000000e+00
9.999999999999997780e-01,8.326672684688674053e-16,0.000000000000000000e+00,2.775557561562891351e-16,0.000000000000000000e+00,5.551115123125782702e-17
9.931638340385509102e-18,1.969811399772527366e-02,9.283018728909725459e-01,1.327302114982516155e-17,1.203065071481316518e-17,5.200001311130477560e-02
3.565651050102004030e-16,1.355219400251868525e-14,9.656561242811257939e-01,3.434387546298297428e-02,0.000000000000000000e+00,4.995108860483384218e-15
9.096927633843714389e-01,0.000000000000000000e+00,9.030723526994721695e-02,7.285838599102589797e-17,0.000000000000000000e+00,2.046973701652632371e-16
5.549889827580859469e-01,4.474225874494004024e-02,1.389282266520579440e-16,6.754481934786725641e-17,4.002687584969740753e-01,0.000000000000000000e+00
4.093996478161222030e-01,0.000000000000000000e+00,1.942011731249716766e-01,1.041035608836259341e-01,2.922956181752802141e-01,0.000000000000000000e+00
3.278594349556904208e-02,0.000000000000000000e+00,5.854691731421723944e-18,8.724292025581088517e-01,6.964340358808830678e-02,2.514145035823370927e-02
2.221886981544913264e-01,1.219727444046192488e-19,3.658473717882184117e-01,6.832151414234829967e-02,3.075958365123961369e-01,3.604657940254587384e-02
0.000000000000000000e+00,8.276233593229584407e-02,0.000000000000000000e+00,5.004631323101983026e-02,0.000000000000000000e+00,8.671913508366844159e-01
2.804486056655090488e-16,1.597613581431417754e-02,3.382757867039306471e-16,2.014306080969469873e-16,9.840238639476222016e-01,7.869007828598330686e-15
8.437694987151189707e-15,0.000000000000000000e+00,1.000000000000000000e+00,1.354472090042690979e-14,1.798561299892753595e-14,0.000000000000000000e+00
2.785445801451342795e-01,0.000000000000000000e+00,6.395971515053736622e-01,4.670110699588864179e-17,5.551115123125782702e-17,8.185826834949208597e-02
1.203658891468429591e-18,0.000000000000000000e+00,9.583936538312440301e-02,9.041606346168754582e-01,3.295974604355933479e-17,0.000000000000000000e+00
0.000000000000000000e+00,9.137272245284271399e-01,3.887654045085186955e-16,1.361735082448098094e-15,4.665767970489085311e-17,8.627277547157204129e-02
3.017783257643291068e-16,4.893681237289355668e-01,1.899953757319331775e-16,2.992427167777947361e-15,1.119843456751397466e-15,5.106318762710603254e-01
3.338572687025053165e-01,2.775557561562891351e-17,5.551115123125782702e-17,7.632783294297951215e-17,0.000000000000000000e+00,6.661427312974944615e-01
3.944852227636383990e-01,6.055147772363631553e-01,0.000000000000000000e+00,5.898059818321144121e-16,0.000000000000000000e+00,0.000000000000000000e+00
4.440892098500626162e-16,6.439293542825907934e-15,0.000000000000000000e+00,0.000000000000000000e+00,0.000000000000000000e+00,9.999999999999980016e-01
7.445106429133582226e-01,2.554893570866423880e-01,0.000000000000000000e+00,0.000000000000000000e+00,6.054184931159056759e-16,0.000000000000000000e+00
7.084800848835366427e-01,0.000000000000000000e+00,6.938893903907228378e-18,3.747002708109903324e-16,2.915199151164633573e-01,3.469446951953614189e-16
3.192706750376334696e-02,9.812029660993815128e-18,2.048326711062936623e-02,6.379145053013201005e-01,2.586497277933216266e-01,5.102543229096530991e-02
0.000000000000000000e+00,2.221766034195390802e-16,1.011044933844206101e-01,3.955236743824933066e-02,0.000000000000000000e+00,8.593431391773301842e-01
0.000000000000000000e+00,9.915557407119049982e-01,0.000000000000000000e+00,8.444259288096259489e-03,0.000000000000000000e+00,0.000000000000000000e+00
0.000000000000000000e+00,0.000000000000000000e+00,5.084821452783216955e-14,5.795364188543317141e-14,1.000000000000000000e+00,0.000000000000000000e+00
1.776356839400250465e-15,0.000000000000000000e+00,1.000000000000000000e+00,6.661338147750939243e-15,9.325873406851314940e-15,0.000000000000000000e+00
0.000000000000000000e+00,0.000000000000000000e+00,0.000000000000000000e+00,1.000000000000000000e+00,1.054711873393898713e-14,0.000000000000000000e+00
1.467700678615356004e-02,7.102460398980654510e-01,0.000000000000000000e+00,3.346013272668464655e-02,1.812243931309520661e-16,2.416168205890960874e-01
6.031756508021494308e-16,9.999999999999955591e-01,8.326672684688674053e-16,4.143098774933293169e-15,0.000000000000000000e+00,0.000000000000000000e+00
0.000000000000000000e+00,2.578962927662420709e-16,2.832215802352686503e-16,5.810856368047494843e-17,5.979635901413653531e-01,4.020364098586340917e-01
0.000000000000000000e+00,0.000000000000000000e+00,5.329022847229825804e-02,3.842831506202779024e-02,9.082814564656741529e-01,0.000000000000000000e+00
6.586869859008451789e-01,3.024290726432471432e-01,1.502270530195914944e-15,2.230872885244190092e-15,3.888394145590359785e-02,3.749114776361748875e-16
6.306066779870889150e-14,2.020605904817784904e-13,0.000000000000000000e+00,9.999999999996220801e-01,0.000000000000000000e+00,1.967315199635777390e-13
1.337083261026100086e-17,8.628784712861724548e-01,1.668914793015457282e-02,1.204323802840099739e-01,0.000000000000000000e+00,3.372276189104508385e-17
0.000000000000000000e+00,0.000000000000000000e+00,9.992007221626408864e-16,0.000000000000000000e+00,0.000000000000000000e+00,1.000000000000000000e+00
3.552713678800500929e-15,0.000000000000000000e+00,0.000000000000000000e+00,1.000000000000000000e+00,4.551914400963141816e-15,0.000000000000000000e+00
1.046814747843019083e-15,1.070096168895940129e-15,0.000000000000000000e+00,1.026956297778269800e-15,2.453151515729720258e-16,9.999999999999980016e-01
9.717939093955210161e-01,0.000000000000000000e+00,0.000000000000000000e+00,2.820609060447913999e-02,0.000000000000000000e+00,2.808083626737456484e-17
9.467448014980995863e-01,1.411631228576126773e-16,5.325519850190049698e-02,0.000000000000000000e+00,1.549324904481785836e-16,4.250072516143177381e-17
3.625973214694716591e-16,7.966723006145610688e-16,8.881784197001252323e-16,2.331468351712828735e-15,0.000000000000000000e+00,9.999999999999956701e-01
0.000000000000000000e+00,9.999999999999991118e-01,2.262946774411744855e-15,0.000000000000000000e+00,1.110223024625156540e-16,0.000000000000000000e+00
1.379215397581632753e-16,0.000000000000000000e+00,1.258115890796594472e-01,0.000000000000000000e+00,2.082994624907541071e-16,8.741884109203412745e-01
5.836528914199892205e-17,0.000000000000000000e+00,5.647753844422598313e-01,3.467710722061628087e-02,4.005475083371239364e-01,5.916395725168688671e-17
2.751269103732845167e-01,2.247270667228547236e-01,8.845635880372558837e-03,2.988569407138402800e-16,4.913003870234879944e-01,9.171672752869564071e-18
4.952938201114710504e-01,6.732345368629239128e-17,1.721913694998918887e-01,4.980073551388720238e-02,2.827140748747496990e-01,6.173779860523174262e-17
5.448303395121114612e-01,1.387778780781445676e-17,1.946977674931114066e-01,0.000000000000000000e+00,2.604718929947772987e-01,0.000000000000000000e+00
0.000000000000000000e+00,2.099015405931936584e-16,5.236239703325149542e-01,0.000000000000000000e+00,4.763760296674851569e-01,5.741934705483231483e-16
0.000000000000000000e+00,1.665334536937734811e-16,6.152629750129150477e-01,7.550378754036823377e-18,3.847370249870849523e-01,0.000000000000000000e+00
0.000000000000000000e+00,4.320449307181224441e-01,9.041633274851224034e-02,5.329539106122845038e-02,4.242433454721367680e-01,8.488750307890994202e-18
3.777667462313620550e-02,3.313321839115701550e-16,5.533767888366014631e-16,0.000000000000000000e+00,9.622233253768631700e-01,0.000000000000000000e+00
2.949644226406932015e-16,5.823372237821854841e-02,1.098193353532924410e-01,1.086102016741910536e-01,0.000000000000000000e+00,7.233367405942977557e-01
0.000000000000000000e+00,0.000000000000000000e+00,3.131210858750614889e-01,6.300352404982416388e-02,6.238753900751143888e-01,4.023511073138668820e-17
2.354867208037408487e-16,0.000000000000000000e+00,4.373690297085651713e-01,3.267044316820523677e-16,5.626309702914346067e-01,5.341254161571107170e-17
0.000000000000000000e+00,4.132045464550128111e-01,1.669133058269497258e-14,9.477200363639474657e-15,5.867954535449860787e-01,8.383661582455911499e-16
9.039239664044674251e-17,0.000000000000000000e+00,3.867023546313863025e-01,1.673217923073243704e-16,6.132976453686136420e-01,5.296079608329779650e-17
9.999999999999995559e-01,0.000000000000000000e+00,2.220446049250313081e-16,1.665334536937734811e-16,1.249000902703301108e-16,9.020562075079396891e-17
3.943394535509617271e-01,0.000000000000000000e+00,0.000000000000000000e+00,4.371503159461553878e-16,0.000000000000000000e+00,6.056605464490384394e-01
0.000000000000000000e+00,1.323385845353186596e-13,9.999999999999206191e-01,0.000000000000000000e+00,0.000000000000000000e+00,7.149836278586008120e-14
0.000000000000000000e+00,3.335217421981312436e-01,3.562014924819875694e-01,0.000000000000000000e+00,3.102767653198846842e-01,0.000000000000000000e+00
1.092551021044852025e-16,2.111156130291007571e-01,6.364663262424781198e-01,4.129038997893784297e-16,0.000000000000000000e+00,1.524180591593248257e-01
9.518179688573629079e-16,3.413366803801827836e-16,0.000000000000000000e+00,7.771561172376095783e-16,1.725084130483977668e-15,9.999999999999973355e-01
0.000000000000000000e+00,8.113782952215232713e-01,0.000000000000000000e+00,0.000000000000000000e+00,1.886217047784790324e-01,0.000000000000000000e+00
0.000000000000000000e+00,0.000000000000000000e+00,1.976196983832778642e-14,1.000000000000000000e+00,1.076916333886401844e-14,0.000000000000000000e+00
0.000000000000000000e+00,5.296578362371546778e-01,3.998406503266243141e-15,2.573508391022647503e-15,4.703421637628469876e-01,0.000000000000000000e+00
3.907667219852664076e-01,7.853960537484994120e-16,0.000000000000000000e+00,0.000000000000000000e+00,3.387047586844715852e-16,6.092332780147332594e-01
9.769962616701377556e-15,8.537615059367453796e-14,9.999999999999229505e-01,0.000000000000000000e+00,0.000000000000000000e+00,7.205347429817265947e-14
1.289732194097025220e-01,0.000000000000000000e+00,3.227605631320870638e-01,6.808789643208967846e-17,5.482662174582111358e-01,3.525825464922860419e-16
2.602635685595711124e-02,0.000000000000000000e+00,0.000000000000000000e+00,1.583856743675449152e-15,0.000000000000000000e+00,9.739736431440416675e-01
3.378095150382076813e-03,7.221182396331006503e-02,3.771248095926711674e-02,4.857439188783054251e-01,3.697634074304110285e-01,3.119027361832432677e-02
7.705093259135716854e-01,1.630640067418198669e-16,8.239936510889833698e-17,0.000000000000000000e+00,2.294906740864282035e-01,0.000000000000000000e+00
1.171097343859280037e-15,2.586746650673460990e-01,1.534207028276108060e-15,7.917870951806258011e-16,7.413253349326532904e-01,2.095271821818536682e-16
0.000000000000000000e+00,0.000000000000000000e+00,4.440892098500626162e-16,4.440892098500626162e-16,3.330669073875469621e-16,1.000000000000000000e+00
0.000000000000000000e+00,0.000000000000000000e+00,2.125984674701138777e-01,6.135943164827776569e-16,7.874015325298856505e-01,4.022427885722790997e-16
1.218267641073859789e-16,9.999999999999992228e-01,6.536462753447641265e-16,0.000000000000000000e+00,1.665334536937734811e-16,0.000000000000000000e+00
1.068918877795711489e-16,4.350482731159435734e-01,0.000000000000000000e+00,0.000000000000000000e+00,5.649517268840597017e-01,4.107715471159700912e-15
2.978605836361953307e-01,1.422473250300981817e-16,0.000000000000000000e+00,7.799882880741820790e-02,1.387778780781445676e-17,6.241405875563863503e-01
5.773159728050814010e-15,0.000000000000000000e+00,1.000000000000000000e+00,2.564615186884111608e-14,3.097522238704186748e-14,0.000000000000000000e+00
0.000000000000000000e+00,4.817467274618158699e-03,2.876179636845020426e-01,6.834895937307370328e-01,7.904433241072042479e-18,2.407497531014280920e-02
2.065021261051140242e-16,5.410989308247593499e-01,0.000000000000000000e+00,0.000000000000000000e+00,3.394351349869325629e-01,1.194659341883081705e-01
0.000000000000000000e+00,1.535230276239474279e-16,9.064988994411267154e-01,0.000000000000000000e+00,9.350110055887368710e-02,0.000000000000000000e+00
2.681266147173417269e-01,6.212921208985885402e-01,8.574686426595362278e-17,0.000000000000000000e+00,3.382965301114347623e-02,7.675161137292596525e-02
1.366385634752484241e-16,1.908475450252824501e-01,7.699848395943182933e-01,3.916761538041581975e-02,7.722170693262422314e-15,2.156135541013771047e-17
7.694330973441432923e-17,3.016553112032486217e-01,3.909752611317240335e-15,4.404658005154865654e-15,6.983446887967550420e-01,0.000000000000000000e+00
2.109587854242265989e-15,0.000000000000000000e+00,8.298393816746061358e-01,5.198554193122860434e-02,7.850645194749558313e-16,1.181750763941691457e-01
0.000000000000000000e+00,1.060385276852162467e-13,9.434916980754423088e-01,5.650830192448473566e-02,3.822595620786443534e-18,8.461390094435256847e-14
9.011788103475389458e-03,0.000000000000000000e+00,0.000000000000000000e+00,9.931291899967220616e-17,9.909882118965247511e-01,6.657001339060997225e-17
8.337923636695767689e-18,2.313979054936129293e-02,8.019482433008102706e-01,1.365337035939501176e-01,5.764042975913246015e-17,3.837826255587819396e-02
7.782052310868854406e-01,0.000000000000000000e+00,1.296705798292663303e-16,1.806280819360850387e-16,2.217947689131144762e-01,0.000000000000000000e+00
0.000000000000000000e+00,0.000000000000000000e+00,3.552713678800500929e-15,1.000000000000000000e+00,1.121325254871408106e-14,0.000000000000000000e+00
7.287228066245382552e-01,4.316367625472968853e-17,1.983356056037861026e-01,1.845338053869107972e-02,0.000000000000000000e+00,5.448820723298462149e-02
8.897724488159904910e-01,0.000000000000000000e+00,1.102275520052692359e-01,1.179611963664228824e-16,0.000000000000000000e+00,6.938893903907228378e-17
1.000000000000000000e+00,0.000000000000000000e+00,0.000000000000000000e+00,3.330669073875469621e-16,1.110223024625156540e-16,2.220446049250313081e-16
0.000000000000000000e+00,0.000000000000000000e+00,0.000000000000000000e+00,2.686627420051386898e-16,1.000000000000000000e+00,3.055474733309849599e-16
4.060206939453465669e-01,0.000000000000000000e+00,1.626303258728256651e-17,1.323906642553746571e-01,1.755295698665884918e-01,2.860590719326902565e-01
8.090998230121865253e-01,9.020562075079396891e-17,0.000000000000000000e+00,0.000000000000000000e+00,1.909001769878131138e-01,2.012279232133096230e-16
0.000000000000000000e+00,3.233830419100573728e-02,2.645508172977524830e-01,5.267577570129931839e-16,7.031108785112407666e-01,5.659020082966559542e-16
3.564100998113907681e-01,6.112418062689323195e-01,2.056714729675891001e-02,1.178094662291801972e-02,8.738669510233165738e-17,9.042246118529106980e-17
7.812836732314162314e-01,6.275559572565202193e-02,0.000000000000000000e+00,7.644066831714592739e-03,1.483166642112171141e-01,8.782037597132585915e-18
1.816017158267590470e-01,0.000000000000000000e+00,2.480654570646834145e-16,0.000000000000000000e+00,8.183982841732407865e-01,2.602085213965210642e-17
0.000000000000000000e+00,9.626879658535340487e-03,3.113609570329747278e-01,1.409568434005379345e-01,4.668402644102476740e-01,7.121505549770450194e-02
0.000000000000000000e+00,0.000000000000000000e+00,2.746328805189066635e-01,0.000000000000000000e+00,7.253671194810932255e-01,3.492834361457199842e-16
3.413963232919073946e-16,1.857002984490106201e-01,1.093741189468700841e-14,1.058098576884095661e-14,8.142997015509889636e-01,5.632554113400736603e-16
8.881784197001252323e-16,0.000000000000000000e+00,3.164135620181696140e-14,1.876276911616514553e-14,1.000000000000000000e+00,0.000000000000000000e+00
1.776356839400250465e-14,6.727951529228448635e-14,0.000000000000000000e+00,9.999999999998718803e-01,0.000000000000000000e+00,7.882583474838611437e-14
1.117385140581995118e-01,0.000000000000000000e+00,2.827599265842195564e-16,1.853342967533792548e-16,6.943023507167513930e-01,1.939591352250488177e-01
1.292593070466436234e-01,1.757520459850501204e-01,1.611528620727770422e-01,1.725790795200626837e-01,2.586385411082482988e-01,1.026181642672183841e-01
0.000000000000000000e+00,6.124337548225293817e-03,7.254643066357804315e-01,6.566359849943781726e-18,2.684113558159941793e-01,3.818244356757371176e-17
6.185685742855608904e-01,0.000000000000000000e+00,3.814314257144395537e-01,3.053113317719180486e-16,0.000000000000000000e+00,0.000000000000000000e+00
0.000000000000000000e+00,8.362696030229108471e-03,1.969468710697994118e-01,4.257800682785458350e-16,7.946904328999709888e-01,2.759025731341373134e-16
9.514688314926280643e-01,7.736866702856559641e-16,0.000000000000000000e+00,0.000000000000000000e+00,4.853116850737672350e-02,0.000000000000000000e+00
6.025047996394894412e-02,0.000000000000000000e+00,6.796804309439714864e-02,6.214391608757509067e-01,1.918151605203826937e-01,5.852715554552036931e-02
1.771778916160579032e-01,5.858348531498510355e-18,3.609239092983574371e-01,3.353471421220702992e-02,1.750424091954911054e-01,2.533210756778864758e-01
2.904611346755880605e-03,0.000000000000000000e+00,3.193808805581339616e-01,1.347705850225721924e-01,4.981483267259372849e-01,4.479559634660076201e-02
6.848362121457228502e-02,2.328487498284415493e-17,2.206884806617880057e-01,1.366251019229259012e-01,5.116540002816367672e-01,6.254879591907701319e-02
0.000000000000000000e+00,2.442490654175344389e-15,0.000000000000000000e+00,1.000000000000000000e+00,2.886579864025407005e-15,0.000000000000000000e+00
2.049232677007090386e-01,6.830473686658677934e-18,5.296097487439827001e-01,4.583478881124791390e-03,2.608835046741834751e-01,0.000000000000000000e+00
2.369285535145239848e-17,2.970498640777583841e-17,3.661369315487253417e-01,1.313687645112293079e-01,5.024943039400451283e-01,1.350576748968331595e-16
1.000000000000000000e+00,3.053113317719180486e-16,0.000000000000000000e+00,5.551115123125782702e-17,0.000000000000000000e+00,2.775557561562891351e-17
2.426753994296817189e-15,1.611784616749213084e-01,8.270752315045233338e-01,1.174630682055325878e-02,4.466770329667470299e-17,1.560898905473808143e-14
1.790073753008610824e-01,3.734483671265077624e-03,6.560695026557876730e-01,5.549669648742332900e-02,4.987329993433320396e-18,1.056919418846628822e-01
0.000000000000000000e+00,4.653448092950308590e-01,8.608063893837492448e-17,0.000000000000000000e+00,1.288452747492036410e-16,5.346551907049691410e-01
2.832973210405018914e-16,6.432033068089100247e-01,0.000000000000000000e+00,0.000000000000000000e+00,3.567966931910910855e-01,0.000000000000000000e+00
8.435422471847676684e-01,1.453151380179927912e-02,0.000000000000000000e+00,1.168047751670119884e-04,1.129839181530577913e-01,2.882551608520853709e-02
9.899023062567543010e-03,0.000000000000000000e+00,2.278952761646211578e-01,6.949619995080223711e-02,6.927095008220091055e-01,0.000000000000000000e+00
0.000000000000000000e+00,0.000000000000000000e+00,1.332267629550187849e-15,2.220446049250313081e-15,0.000000000000000000e+00,1.000000000000000000e+00
0.000000000000000000e+00,9.373975334539676879e-03,6.438092631418793926e-17,1.038441043617103696e-02,9.623634876961117968e-01,1.787812653317740266e-02
2.664535259100375697e-15,0.000000000000000000e+00,9.999999999999892308e-01,1.110223024625156540e-15,0.000000000000000000e+00,1.221245327087672194e-14
3.774758283725532237e-14,1.876276911616514553e-13,0.000000000000000000e+00,9.999999999996946887e-01,0.000000000000000000e+00,1.627586954100479488e-13
3.773583842009122225e-01,0.000000000000000000e+00,0.000000000000000000e+00,0.000000000000000000e+00,6.226416157990878331e-01,3.192704347426689182e-16
1.516691321988445749e-17,0.000000000000000000e+00,1.812495796280634008e-01,8.185214300537325682e-01,0.000000000000000000e+00,2.289903147917610865e-04
0.000000000000000000e+00,2.081479066093584185e-01,3.354364172717751325e-16,7.918520933906416648e-01,0.000000000000000000e+00,1.593503632056644784e-16
0.000000000000000000e+00,7.761025716611742814e-17,9.092176037186655568e-01,9.078239628133459582e-02,0.000000000000000000e+00,3.524815482950217885e-17
0.000000000000000000e+00,4.085620730620576069e-14,9.999999999999636957e-01,0.000000000000000000e+00,0.000000000000000000e+00,3.463895836830488406e-14
2.462426145931283228e-01,0.000000000000000000e+00,7.721588301078853578e-02,0.000000000000000000e+00,6.765415023960831276e-01,1.109680923538913788e-16
0.000000000000000000e+00,0.000000000000000000e+00,3.519406988061746233e-14,1.000000000000000000e+00,1.199040866595169064e-14,0.000000000000000000e+00
4.440892098500626162e-16,4.884981308350688778e-15,0.000000000000000000e+00,0.000000000000000000e+00,7.771561172376095783e-16,9.999999999999973355e-01
7.654111961929775318e-03,2.569374669380596204e-16,7.816266917801439895e-01,3.917315158111354945e-03,1.394691332946431869e-02,1.928549677703504106e-01
2.247029616471898916e-01,1.491862189340054101e-16,7.752970383528100529e-01,1.040834085586084257e-16,0.000000000000000000e+00,0.000000000000000000e+00
0.000000000000000000e+00,0.000000000000000000e+00,1.865174681370262988e-14,1.000000000000000000e+00,1.010302952408892452e-14,0.000000000000000000e+00
6.272307075741143656e-01,3.432133133105772643e-02,2.783718088610985797e-01,3.922548590670577040e-02,2.085066632702334624e-02,1.415968037266068791e-16
2.195209049385548551e-15,6.906629992267763196e-01,1.209784666162592492e-15,4.744072079179669673e-16,3.093370007732145766e-01,5.356099789577691637e-15
9.993957959323880313e-01,0.000000000000000000e+00,1.056202651381066282e-15,0.000000000000000000e+00,0.000000000000000000e+00,6.042040586100472666e-04
4.946825167974361892e-01,3.444913185155499269e-01,0.000000000000000000e+00,1.862117231243853865e-16,1.672381851058890589e-16,1.608261646870138561e-01
3.694312145683783898e-17,1.454439227006157631e-01,0.000000000000000000e+00,0.000000000000000000e+00,8.545560762157432544e-01,3.365355520995881139e-14
2.865932178964796795e-01,0.000000000000000000e+00,2.768552506385680845e-01,5.324380180929026013e-02,3.833077296556621216e-01,0.000000000000000000e+00
0.000000000000000000e+00,3.260162850491052096e-16,1.047670683445580694e-16,9.808541634011216725e-17,5.897041783229888257e-01,4.102958216770107303e-01
9.999999999999991118e-01,3.469446951953614189e-16,4.996003610813204432e-16,1.110223024625156540e-16,6.938893903907228378e-17,8.326672684688674053e-17
8.296776762828733665e-02,3.624829553155606374e-03,2.497389032564574785e-01,2.081716167568627152e-01,3.459572305931176150e-01,1.095396522121190874e-01
4.528384352879391561e-02,3.946670043639421421e-01,0.000000000000000000e+00,1.697600625632389795e-02,2.015036810729696204e-01,3.415694647779705662e-01
2.141319965726594110e-01,6.006480035569694564e-17,1.467526498755505615e-01,3.862538041506883429e-02,0.000000000000000000e+00,6.004899731367212556e-01
1.492174289230217138e-02,0.000000000000000000e+00,0.000000000000000000e+00,4.519092827750798708e-02,3.661864405203519460e-17,9.398873288301902162e-01
8.066437817648193509e-02,9.454242944073598665e-17,8.682094923480296877e-01,0.000000000000000000e+00,0.000000000000000000e+00,5.112612947548843267e-02
2.379544922143407763e-16,3.830688949361632512e-01,0.000000000000000000e+00,3.798785932651937754e-16,1.608835557852137686e-16,6.169311050638365268e-01
0.000000000000000000e+00,5.064605004052895321e-02,1.567744114868625527e-01,7.065977714624913641e-01,8.598176701011725487e-02,0.000000000000000000e+00
9.456467013205791527e-01,8.326672684688674053e-17,0.000000000000000000e+00,0.000000000000000000e+00,3.087807787238716628e-16,5.435329867942077786e-02
1.834208575205264309e-17,3.021101224098479698e-02,8.985212875822459200e-01,6.728612021830920669e-04,1.752715537985098329e-17,7.059483877114113015e-02
1.188929298551722191e-01,2.216664653335089497e-01,3.802780473115502467e-03,4.219417114523450058e-02,4.342751711596653519e-01,1.791684820333035444e-01
1.168526524266851718e-15,2.225800808436821376e-01,0.000000000000000000e+00,2.777757489902754214e-16,1.026784710222159434e-15,7.774199191563161415e-01
0.000000000000000000e+00,3.976263185531874493e-17,4.012481236462126510e-01,0.000000000000000000e+00,3.611223959588013566e-01,2.376294803949862422e-01
2.119242548620797238e-17,8.906445223614597451e-01,2.284399058499771522e-17,4.086197924227070850e-17,1.093554784533018465e-01,5.433056792485285116e-17
1.296041178753684412e-16,0.000000000000000000e+00,0.000000000000000000e+00,3.979012779988255277e-16,9.999999999999998890e-01,0.000000000000000000e+00
3.534398794826947014e-16,0.000000000000000000e+00,0.000000000000000000e+00,0.000000000000000000e+00,0.000000000000000000e+00,1.000000000000000000e+00
4.890482953775003860e-01,0.000000000000000000e+00,0.000000000000000000e+00,2.604795719396424403e-17,4.406300124118522343e-01,7.032169221064735187e-02
2.135935417669030389e-01,4.024558464266192459e-16,7.864064582330964059e-01,0.000000000000000000e+00,6.765421556309547668e-16,0.000000000000000000e+00
8.881784197001252323e-15,0.000000000000000000e+00,1.000000000000000000e+00,2.164934898019055254e-14,3.053113317719180486e-14,0.000000000000000000e+00
4.324894221874875933e-01,0.000000000000000000e+00,7.545786516295778512e-02,1.361913321569706292e-01,2.526344182765005719e-01,1.032269622160835870e-01
4.475996856214901898e-02,0.000000000000000000e+00,9.163161383228809465e-01,3.892389311497013171e-02,1.216134522406097032e-16,1.214306433183764966e-17
9.138721510243742463e-01,0.000000000000000000e+00,8.612784769222138481e-02,0.000000000000000000e+00,0.000000000000000000e+00,8.569533971325427046e-16
3.996802888650563546e-15,0.000000000000000000e+00,0.000000000000000000e+00,0.000000000000000000e+00,1.000000000000000000e+00,2.220446049250313081e-16
5.179427050652414266e-01,4.510616575522585769e-01,0.000000000000000000e+00,3.099563738249998951e-02,0.000000000000000000e+00,5.247538514829841461e-17
8.293661268352324245e-17,9.122975723366540113e-02,5.748589552732869673e-02,2.042842220014196367e-02,6.379450955584675675e-01,1.929108294803962287e-01
2.953787319761583263e-02,0.000000000000000000e+00,0.000000000000000000e+00,8.899502957706890705e-01,5.781594896986210624e-02,2.269588206183301149e-02
4.147644267487078562e-16,1.000000000000000000e+00,1.110223024625156540e-16,0.000000000000000000e+00,1.110223024625156540e-16,3.499241792003348667e-17
9.291422622534797338e-01,9.784924606681677517e-18,6.211116374206142156e-17,4.750729308844509058e-02,2.335044465807526587e-02,0.000000000000000000e+00
2.620126338115369435e-14,8.304468224196170922e-14,0.000000000000000000e+00,9.999999999998583355e-01,0.000000000000000000e+00,8.393286066166183446e-14
3.889109983143993138e-17,1.153709419777986923e-14,8.918703402670344893e-01,0.000000000000000000e+00,0.000000000000000000e+00,1.081296589273349623e-01
6.593142717208841375e-02,3.035766082959412415e-18,1.171001942745065194e-01,5.038768301524082505e-01,2.394021680894827808e-01,7.368938031151404944e-02
0.000000000000000000e+00,0.000000000000000000e+00,2.302701638227443726e-01,3.827387916026110670e-02,7.060413576329717111e-01,2.541459938402305593e-02
0.000000000000000000e+00,0.000000000000000000e+00,8.956863832402481851e-01,2.582002248644463867e-03,1.017316145111074738e-01,1.406850427633830593e-16
2.260658444793868516e-02,2.280657016003492243e-01,4.141652298894626938e-17,0.000000000000000000e+00,6.571142348910022912e-01,9.221347906070991030e-02
3.551417080162095341e-01,1.968897972263574936e-01,2.902025136034944164e-01,8.833018058282646190e-02,1.501015591839244268e-02,5.442564465271958890e-02
7.112401931029305180e-01,2.887598068970684273e-01,2.259223120787790507e-16,3.377470674135119046e-16,4.974229733384183426e-17,5.398869246968210762e-16
8.756128425497310970e-16,5.472272530973468774e-01,0.000000000000000000e+00,1.027039461245692739e-15,1.591638255112127193e-15,4.527727469026602281e-01
2.892465279171849146e-01,0.000000000000000000e+00,2.377445209252732616e-01,1.233527649484067804e-02,4.606736746627012602e-01,0.000000000000000000e+00
7.358958956947526941e-02,2.331034670843834533e-17,3.761424458818439787e-01,1.645568729736657521e-01,3.271526165655744833e-01,5.855847500944055123e-02
4.203444359636558250e-17,3.312570676537157088e-01,1.614920808283263343e-01,1.412289262782163435e-01,4.342422814959129655e-18,3.660219252397415302e-01
3.263470059798809220e-01,1.879294942983561999e-03,6.717736990771352446e-01,3.124150915104963194e-16,7.969418493000822259e-17,1.293438276954284303e-16
1.204821724835737073e-01,0.000000000000000000e+00,8.795178275164263759e-01,0.000000000000000000e+00,3.799044412389207537e-16,2.064320936412400442e-16
0.000000000000000000e+00,2.238805272876670249e-01,0.000000000000000000e+00,2.395825035924547750e-02,7.521612223530875774e-01,6.526348308627128155e-17
7.505107646466058213e-14,3.742561816011402698e-13,0.000000000000000000e+00,9.999999999993732791e-01,0.000000000000000000e+00,3.200772979994326306e-13
2.429650180997772365e-17,6.801774668909936761e-01,3.167484190832575708e-01,3.074114025747932619e-03,0.000000000000000000e+00,6.766324114898420864e-16
2.266233259184195897e-16,1.373212837137550131e-15,9.311845641210691686e-16,5.107025913275720086e-15,5.047484203068985019e-16,9.999999999999920064e-01
1.385394189151269995e-01,2.710505431213761085e-17,4.829047736130628321e-01,1.131907068074866629e-16,3.785558074718100019e-01,6.163689350580092707e-17
5.129911727727200221e-02,1.404329841756439268e-01,1.037607248972213791e-01,5.481924879125187576e-03,6.009369366537339330e-01,9.808831211700366759e-02
7.703134104197445486e-02,9.714451465470119729e-17,9.545087568662136146e-02,4.673998131387616453e-03,8.228437851400165481e-01,0.000000000000000000e+00
1.278040714191174265e-01,1.399440922557823355e-17,1.704124830047280270e-01,7.017834455761544632e-01,0.000000000000000000e+00,3.512815038853034366e-17
0.000000000000000000e+00,6.183783870396500904e-01,0.000000000000000000e+00,3.888512169717828552e-16,3.067134793716061951e-16,3.816216129603509088e-01
9.563440868211224066e-17,5.703204850542388238e-01,2.920671222578887782e-01,6.077161817581132368e-17,1.376123926878721482e-01,2.265762079283870868e-16
6.629309769614864789e-02,0.000000000000000000e+00,4.940253097937598037e-01,3.549504650989215165e-02,4.041865460001995980e-01,1.242089113853706017e-17
0.000000000000000000e+00,5.013895343961123352e-01,1.331392166147930205e-16,3.427578374802049688e-02,1.320569890918708578e-01,3.322776927639961575e-01
1.496567413617810221e-03,0.000000000000000000e+00,5.460618778489398917e-01,2.802841324446458341e-03,4.496387134129959384e-01,1.653533830287223463e-17
6.560768038793983459e-02,6.162605148407607203e-16,3.348433320520885492e-01,0.000000000000000000e+00,5.995489875599712137e-01,0.000000000000000000e+00
8.032823839640204770e-17,0.000000000000000000e+00,8.225776730865277386e-01,1.161299815013540487e-01,3.627529598350504036e-02,2.501704942861310288e-02
3.009323522865641284e-16,0.000000000000000000e+00,9.699812725625815979e-01,1.425935644749806896e-16,3.001872743741826680e-02,9.568338821028620787e-17
1.535193350001173793e-17,5.795065650457843082e-02,0.000000000000000000e+00,7.827298200080792245e-01,1.593195234873423793e-01,2.330576260166265136e-17
9.889188985167022272e-01,4.198030811863873168e-16,1.298006840899645908e-15,0.000000000000000000e+00,0.000000000000000000e+00,1.108110140073732472e-02
0.000000000000000000e+00,6.591949208711866959e-17,8.908131177349399854e-01,0.000000000000000000e+00,1.091868822650603477e-01,5.854268542801213358e-17
1.180348472043800043e-02,1.398980553758341905e-01,0.000000000000000000e+00,4.010400703739878253e-02,8.081944528663289606e-01,2.719913548244850658e-17
5.140564732010796112e-01,0.000000000000000000e+00,2.237324899686868318e-01,4.383458600216829509e-02,2.183764508280654215e-01,1.196417097337754143e-16
0.000000000000000000e+00,1.616343619414110847e-14,6.205980541180960294e-17,1.364031128343964356e-17,9.109265346448914835e-01,8.907346469146128209e-02
0.000000000000000000e+00,0.000000000000000000e+00,3.799860577728519077e-17,3.407363779068270466e-17,9.780392534624235967e-01,2.196074653757636858e-02
0.000000000000000000e+00,1.538704730016093721e-16,1.250072623442760064e-16,2.110804957186274144e-02,7.292026728475123898e-01,2.496892775806246745e-01
0.000000000000000000e+00,5.804485905228770060e-01,1.038072332284289805e-16,2.656002382613760135e-02,3.929913856509852366e-01,4.885121582402270685e-16
2.164720206509463020e-15,9.999999999999958922e-01,1.424201033509242571e-15,1.280225925270883636e-15,0.000000000000000000e+00,1.678619167889755862e-16
1.521375232920863163e-15,3.312637186468776533e-17,8.135205240604812538e-01,9.867256317659277621e-17,8.874688858705035775e-16,1.864794773289005503e-01
1.140708759175018710e-16,9.999999999999991118e-01,0.000000000000000000e+00,4.163336342344337027e-17,0.000000000000000000e+00,1.489264367618283449e-15
0.000000000000000000e+00,3.708144902248022845e-14,9.999999999999643618e-01,0.000000000000000000e+00,0.000000000000000000e+00,4.818367926873179385e-14
2.176037128265306819e-14,7.638334409421076998e-14,0.000000000000000000e+00,9.999999999998516742e-01,0.000000000000000000e+00,7.371880883511039428e-14
0.000000000000000000e+00,1.000000000000000000e+00,0.000000000000000000e+00,0.000000000000000000e+00,4.440892098500626162e-16,0.000000000000000000e+00
0.000000000000000000e+00,0.000000000000000000e+00,2.131628207280300558e-14,1.532107773982716026e-14,1.000000000000000000e+00,0.000000000000000000e+00
9.756513762543020940e-01,0.000000000000000000e+00,2.434862392711169277e-02,0.000000000000000000e+00,6.357761539454998001e-16,0.000000000000000000e+00
8.801889517018308336e-17,2.459965124807935166e-01,3.122658484915916133e-01,1.670270721341161891e-16,4.417376390276144815e-01,3.263269720425001893e-16
0.000000000000000000e+00,4.817559189112703699e-03,3.116002718329439203e-01,6.278360574059446142e-01,2.146147790797492752e-02,3.428463366402388635e-02
9.686323704818126650e-17,8.452555784420896501e-01,1.547444204049742422e-01,1.139925654575056368e-16,0.000000000000000000e+00,3.240585582545226257e-16
7.251946429389431210e-16,0.000000000000000000e+00,1.821549298162474517e-01,0.000000000000000000e+00,4.715456466780860548e-18,8.178450701837519654e-01
1.545976599776273672e-15,9.999999999999932276e-01,2.703076411956861369e-15,2.084705861976680979e-15,0.000000000000000000e+00,5.909654624350931607e-16
2.359303192564712881e-01,0.000000000000000000e+00,5.183140029006736427e-01,8.841827222084540361e-02,5.908901840045999165e-18,1.573374056220097628e-01
5.373479439185757656e-14,2.544631172440858791e-13,0.000000000000000000e+00,9.999999999995607958e-01,0.000000000000000000e+00,1.993960552226781147e-13
0.000000000000000000e+00,7.049027483926264548e-01,2.741904215039781539e-16,0.000000000000000000e+00,2.486172588450277499e-01,4.647999276234571903e-02
0.000000000000000000e+00,4.654380723411946641e-01,8.428619894288876703e-16,0.000000000000000000e+00,3.818566623082878338e-17,5.345619276588051694e-01
5.398932667596569234e-17,0.000000000000000000e+00,6.213270098233562022e-01,2.620570629171709509e-17,3.786729901766437978e-01,8.789063723932435816e-17
1.812439967624863701e-01,4.679179407222205933e-17,7.454630758219136233e-01,7.329292741559988167e-02,4.189424957119769477e-18,0.000000000000000000e+00
5.762138343888670855e-01,0.000000000000000000e+00,0.000000000000000000e+00,5.219771888665203363e-02,0.000000000000000000e+00,3.715884467244811029e-01
8.881784197001252323e-15,0.000000000000000000e+00,1.000000000000000000e+00,4.607425552194399643e-14,2.720046410331633524e-14,0.000000000000000000e+00
2.788019939863624490e-16,7.606873857357340999e-15,9.535395691002117591e-01,0.000000000000000000e+00,7.921165013289281023e-17,4.646043055363091590e-02
4.936096016319492796e-01,7.528699885739342790e-16,0.000000000000000000e+00,0.000000000000000000e+00,5.063903983680506649e-01,4.857225732735059864e-17
0.000000000000000000e+00,0.000000000000000000e+00,6.156171998454660343e-01,2.695916004276242145e-02,3.574236401117715234e-01,7.498646137506717431e-18
0.000000000000000000e+00,6.821386090567991298e-17,6.847114748245410887e-01,6.085117561402435940e-16,3.152885251754588003e-01,0.000000000000000000e+00
0.000000000000000000e+00,3.519594554092690397e-01,4.227881481729124050e-16,0.000000000000000000e+00,6.480405445907311268e-01,3.296302908280278402e-17
0.000000000000000000e+00,6.054860764997042205e-02,1.404296726974512002e-17,7.584425210120457894e-01,1.810088713379837400e-01,1.447358682172311302e-17
2.220446049250313081e-15,0.000000000000000000e+00,1.000000000000000000e+00,1.165734175856414367e-14,9.880984919163893210e-15,0.000000000000000000e+00
0.000000000000000000e+00,0.000000000000000000e+00,1.665334536937734811e-15,2.997602166487922659e-15,1.000000000000000000e+00,0.000000000000000000e+00
3.459342694599075729e-01,6.080337286772398153e-01,0.000000000000000000e+00,0.000000000000000000e+00,4.603200186285484607e-02,0.000000000000000000e+00
8.145327289500877363e-18,2.408955304983056989e-01,1.223951215975125628e-01,1.406124358897740123e-01,1.870945101145845557e-01,3.090024018998231425e-01
8.296776762828733665e-02,3.624829553155606374e-03,2.497389032564574785e-01,2.081716167568627152e-01,3.459572305931176150e-01,1.095396522121190874e-01
1.920004586906951805e-01,2.469884510044060829e-16,5.726385573099733728e-01,5.238864897449957425e-16,1.011879175168954592e-01,1.341730664824351271e-01
9.999999999999991118e-01,3.885780586188047891e-16,0.000000000000000000e+00,5.412337245047638135e-16,2.498001805406602216e-16,0.000000000000000000e+00
1.126034650657149364e-16,6.039910140591610909e-16,4.235599860187318488e-01,0.000000000000000000e+00,5.764400139812700941e-01,0.000000000000000000e+00
6.517955760089902961e-01,1.243971737552943423e-16,9.534030124354726798e-03,1.528760331849344511e-01,1.857943606817205051e-01,7.498445563953208035e-18
4.540006864498947747e-01,4.347969060627555119e-15,4.243267065329991519e-16,1.212362018665711863e-16,2.373987188056669815e-15,5.459993135501017836e-01
3.468144385020783710e-16,9.955522645127872217e-01,0.000000000000000000e+00,4.447735487212592723e-03,0.000000000000000000e+00,8.410951022482988358e-17
4.201418854896648721e-15,9.999999999999915623e-01,2.786254020946335222e-15,1.307272192902025842e-15,0.000000000000000000e+00,1.529876837551164631e-15
9.544199580970816887e-01,6.108847684210922009e-03,0.000000000000000000e+00,1.849648906260270564e-16,3.947119421870729644e-02,3.022755656889586362e-16
3.399874293751089516e-01,7.626264492958217955e-02,2.168404344971008868e-19,1.445083199294509013e-01,4.392416057658580231e-01,0.000000000000000000e+00
0.000000000000000000e+00,1.163697123160100940e-15,4.357264793293080807e-01,0.000000000000000000e+00,1.129416854872321851e-01,4.513318351834591513e-01
9.528967048332213918e-02,0.000000000000000000e+00,8.093574649963337642e-01,4.767779053505005749e-16,9.535286452034372195e-02,7.833360696207769536e-17
1.451273367179700957e-01,6.142005307130382619e-17,1.512595936843279254e-02,5.016529994050678010e-02,7.895814039730902900e-01,0.000000000000000000e+00
0.000000000000000000e+00,6.702479533151732560e-02,1.437874472461676129e-03,5.622420019341176634e-01,3.413930569202062726e-01,2.790227134169702417e-02
1.393706411947269810e-02,4.762848209081144701e-01,4.961287609506737936e-17,0.000000000000000000e+00,1.587271980518778491e-16,5.097781149724125438e-01
4.382418715639276735e-02,2.059442026636215672e-16,9.561758128436073090e-01,0.000000000000000000e+00,0.000000000000000000e+00,0.000000000000000000e+00
0.000000000000000000e+00,0.000000000000000000e+00,1.050604880061039442e-01,0.000000000000000000e+00,0.000000000000000000e+00,8.949395119938962084e-01
7.634685700779296480e-02,0.000000000000000000e+00,9.236531429922055780e-01,1.122366088956994190e-15,2.324529457808921507e-16,1.046038256014014678e-15
0.000000000000000000e+00,4.251019490807274037e-01,4.597696144742195040e-02,0.000000000000000000e+00,5.289210894718519018e-01,0.000000000000000000e+00
